Время/дата|8T|8A|9T|9A|10T|10A|11T|11A|12T|12A|13T|13A|14T|14A|15T|15A|16T|16A|17T|17A|18T|18A|19T|19A
2019-12-02 | 30 | 27 | 55 | 186 | 42 | 271 | 43 | 136 | 40 | 137 | 31 | 16 | 31 | 249 | 27 | 108 | 37 | 108 | 18 | 108 | 15 | 5
2019-12-03 | 16 | 90 | 34 | 149 | 50 | 186 | 61 | 125 | 43 | 148 | 31 | 55 | 33 | 103 | 43 | 153 | 39 | 157 | 19 | 70 | 9 | 12
2019-12-04 | 12 | 69 | 45 | 263 | 39 | 199 | 30 | 140 | 27 | 125 | 20 | 31 | 22 | 127 | 28 | 118 | 32 | 95 | 14 | 186 | 12 | 17
2019-12-05 | 16 | 89 | 31 | 113 | 33 | 88 | 25 | 108 | 32 | 113 | 10 | 25 | 21 | 105 | 20 | 70 | 21 | 74 | 20 | 67 | 7 | 10 | 5 | 1
2019-12-06 | 12 | 79 | 28 | 120 | 17 | 85 | 15 | 59 | 16 | 72 | 20 | 12 | 21 | 88 | 24 | 93 | 18 | 86 | 15 | 61 | 5 | 13 | 3 | 15
2019-12-09 | 2 | 3 | 18 | 77 | 23 | 156 | 30 | 112 | 29 | 83 | 23 | 104 | 15 | 15 | 23 | 97 | 33 | 122 | 23 | 108 | 21 | 64 | 7 | 9
2019-12-10 | 16 | 59 | 23 | 141 | 18 | 82 | 25 | 89 | 34 | 117 | 12 | 8 | 26 | 147 | 23 | 131 | 15 | 56 | 16 | 56 | 11 | 23 | 4 | 2
2019-12-11 | 3 | 3 | 16 | 30 | 22 | 137 | 30 | 108 | 31 | 110 | 31 | 98 | 11 | 14 | 17 | 87 | 27 | 94 | 17 | 59 | 12 | 42 | 6 | 6
2019-12-12 | 10 | 48 | 29 | 155 | 44 | 101 | 38 | 157 | 30 | 138 | 28 | 8 | 23 | 154 | 23 | 80 | 13 | 68 | 18 | 65 | 8 | 12 | 1 | 2
2019-12-13 | 10 | 49 | 32 | 127 | 36 | 149 | 25 | 108 | 30 | 90 | 24 | 12 | 27 | 142 | 23 | 101 | 16 | 53 | 17 | 53 | 10 | 28
2019-12-16 | 2 | 1 | 20 | 123 | 20 | 233 | 18 | 139 | 21 | 92 | 25 | 82 | 25 | 36 | 29 | 149 | 25 | 91 | 28 | 89 | 17 | 88 | 6 | 13
2019-12-17 | 3 | 2 | 15 | 67 | 39 | 131 | 49 | 157 | 32 | 90 | 23 | 139 | 17 | 13 | 25 | 127 | 32 | 109 | 21 | 141 | 14 | 106 | 4 | 26 | 2 | 2
2019-12-18 | 3 | 2 | 17 | 19 | 25 | 132 | 36 | 144 | 31 | 142 | 25 | 128 | 14 | 26 | 24 | 136 | 30 | 135 | 25 | 34 | 12 | 94 | 8 | 25
2019-12-19 | 16 | 39 | 30 | 119 | 40 | 146 | 26 | 95 | 31 | 90 | 19 | 12 | 20 | 136 | 21 | 122 | 28 | 91 | 12 | 80 | 3 | 21 | 1 | 2
2019-12-20 | 13 | 23 | 29 | 97 | 13 | 83 | 27 | 92 | 17 | 32 | 26 | 70 | 25 | 126 | 22 | 107 | 22 | 92 | 11 | 24 | 4 | 7 | 1 | 2
2019-12-23 | 11 | 92 | 23 | 119 | 19 | 151 | 17 | 106 | 20 | 96 | 22 | 3 | 27 | 119 | 26 | 109 | 17 | 68 | 11 | 74 | 2 | 8 | 1 | 2
2019-12-24 | 1 | 17 | 17 | 87 | 29 | 115 | 28 | 119 | 22 | 74 | 19 | 113 | 18 | 2 | 24 | 146 | 23 | 108 | 13 | 53 | 12 | 55 | 4 | 24 | 1 | 1
2019-12-25 | 2 | 7 | 17 | 20 | 24 | 125 | 17 | 53 | 25 | 114 | 21 | 96 | 13 | 10 | 10 | 111 | 20 | 98 | 16 | 64 | 9 | 80 | 2 | 40
2019-12-26 | 2 | 10 | 6 | 19 | 25 | 97 | 21 | 69 | 22 | 102 | 26 | 83 | 12 | 9 | 14 | 104 | 16 | 74 | 21 | 61 | 9 | 88 | 4 | 13 | 2 | 1
2019-12-27 | 2 | 31 | 8 | 19 | 17 | 99 | 16 | 88 | 28 | 91 | 17 | 89 | 13 | 3 | 20 | 121 | 24 | 85 | 27 | 91 | 17 | 68 | 9 | 14
2019-12-30 | 11 | 48 | 33 | 62 | 26 | 90 | 26 | 119 | 36 | 117 | 30 | 12 | 35 | 184 | 38 | 103 | 30 | 80 | 19 | 79 | 8 | 8 | 4 | 3
2019-12-31 | 7 | 20 | 11 | 26 | 14 | 4 | 18 | 38 | 13 | 8 | 7 | 27 | 7 | 33 | 7 | 9 | 2 | 5
2020-01-01 | 1 | 1 | 1 | 3 | 4 | 13 | 1 | 1
